30 30
41  232 0   54  237 0   74  238 3   89  237 3   101 235 0   112 236 0   120 237 0   125 238 0   133 237 0   138 237 0   149 236 0   157 235 1   165 235 1   168 235 0   172 236 0   176 236 0   183 237 1   188 236 0   192 236 1   196 236 2   202 236 2   207 237 3   210 236 4   213 236 0   218 236 2   222 236 1   224 237 0   228 236 1   233 237 2   234 236 2   
41  229 0   53  234 0   73  235 2   87  235 1   100 232 0   111 233 0   118 235 0   125 235 0   131 235 0   138 235 0   147 233 0   157 233 1   164 232 1   169 233 0   171 233 0   174 234 0   182 235 0   187 233 0   191 233 1   196 234 1   201 233 2   206 234 2   210 234 2   214 233 1   217 233 0   220 234 0   224 234 0   228 234 0   232 234 1   235 235 1   
39  225 0   52  230 0   71  231 1   87  230 2   100 227 0   111 228 0   118 230 0   124 230 0   132 231 0   138 230 0   148 229 2   156 229 0   163 228 0   167 228 0   171 230 0   174 230 0   183 230 0   187 230 0   191 230 1   194 230 0   201 230 2   204 230 1   209 230 3   212 229 1   217 230 2   221 230 1   224 230 0   227 230 0   231 230 0   233 231 0   
40  221 0   53  225 0   72  227 3   87  226 3   99  224 0   110 225 0   119 226 0   124 227 0   131 226 0   138 226 0   149 225 2   157 225 2   163 223 1   168 225 0   170 225 0   174 225 0   181 226 0   187 226 0   190 225 0   195 226 0   200 225 1   205 226 1   209 225 2   213 225 1   217 225 0   220 225 0   223 226 0   228 226 1   231 226 0   234 227 1   
40  219 0   52  222 1   72  223 4   87  222 5   101 221 2   111 221 0   121 223 2   125 223 0   132 222 2   138 222 2   149 220 2   157 221 3   163 220 3   169 220 1   171 221 2   175 221 0   182 222 1   186 222 0   190 222 1   195 221 0   201 221 2   205 221 1   210 221 3   213 220 2   216 222 2   220 222 1   224 222 0   228 222 2   232 222 2   234 222 0   
41  214 0   53  218 0   72  219 6   88  219 4   102 217 2   112 217 2   120 220 2   125 219 1   132 219 1   139 218 2   148 217 2   156 217 2   163 216 2   167 216 2   171 218 2   174 218 1   181 218 0   186 217 0   190 217 0   194 218 0   200 217 1   206 217 1   210 216 2   212 217 1   217 218 2   220 217 0   224 218 2   228 217 1   232 217 0   234 218 1   
40  210 0   51  214 0   72  216 5   86  214 3   100 212 3   113 213 1   120 215 1   125 214 0   131 214 2   139 213 2   149 213 3   157 213 4   164 212 4   168 212 3   170 213 2   174 213 0   181 214 0   184 213 0   189 214 0   194 213 0   200 213 1   204 213 0   208 212 1   212 212 0   217 213 0   219 214 0   223 213 1   228 214 1   231 214 2   233 214 0   
40  207 0   52  210 0   72  211 4   87  211 3   101 209 2   111 209 0   119 211 2   125 211 0   132 212 3   139 211 3   148 210 3   156 209 3   164 209 4   167 209 3   171 211 3   175 211 1   181 211 0   186 211 0   190 210 0   194 210 0   200 210 0   206 210 1   210 210 2   211 209 0   216 210 0   220 210 0   225 211 1   227 211 1   232 210 2   233 212 1   
39  203 0   50  206 0   70  207 3   85  207 2   100 205 1   110 205 0   119 207 1   124 206 0   129 207 0   137 207 0   148 205 2   156 205 2   163 205 1   167 204 0   168 206 0   172 206 0   181 207 0   184 206 0   189 207 0   194 206 0   198 206 0   203 205 0   208 206 0   212 206 0   217 206 0   219 207 0   223 207 0   225 208 0   231 206 0   232 207 0   
39  198 0   51  202 0   71  204 3   86  203 1   99  202 1   110 201 0   118 203 0   124 203 0   130 203 0   138 203 0   148 202 2   157 201 2   162 200 0   167 201 0   169 202 0   173 202 0   180 203 0   185 203 0   189 202 0   194 203 0   199 202 0   203 202 0   209 202 0   213 202 0   215 202 0   219 202 0   222 204 0   226 203 0   230 203 0   232 204 0   
38  193 0   51  198 0   71  199 2   86  198 2   99  196 1   110 196 0   118 199 0   124 198 0   130 198 0   137 198 0   147 197 1   155 197 1   163 196 1   166 196 0   169 197 0   173 197 0   180 198 0   185 198 0   189 197 0   194 198 0   199 197 0   203 197 0   207 197 1   211 197 0   215 197 0   219 197 0   221 198 0   226 198 0   230 198 0   231 198 0   
39  189 0   52  193 0   72  195 3   86  193 1   100 191 0   111 192 1   118 194 0   123 193 0   131 194 1   138 194 0   147 192 1   155 192 0   162 191 2   167 193 0   170 193 1   173 193 0   181 193 0   185 192 0   190 193 0   193 193 0   199 192 0   203 193 0   207 193 0   211 192 1   215 192 0   219 192 0   222 192 0   226 193 0   230 193 0   231 193 0   
40  183 0   53  188 0   73  189 2   87  189 2   101 187 2   111 187 0   119 190 2   124 189 0   131 190 2   138 189 0   149 187 3   157 187 1   165 186 3   168 187 1   172 188 3   174 189 0   182 188 0   187 188 0   191 187 0   196 188 1   201 187 2   205 187 1   209 188 1   213 187 2   217 187 1   219 188 1   223 188 0   227 187 1   231 187 0   233 188 1   
40  178 0   53  183 0   73  184 2   88  183 1   100 181 0   111 182 0   119 183 1   124 184 0   133 184 1   139 183 0   149 183 1   158 181 2   164 182 2   168 182 1   172 183 1   175 183 1   182 183 1   187 183 0   191 182 1   195 183 1   201 182 2   204 182 1   211 182 2   214 182 3   217 182 2   221 182 1   223 183 0   227 182 1   232 183 2   233 183 2   
40  174 0   52  177 0   71  178 0   87  177 1   99  176 0   109 176 0   119 178 0   123 178 0   131 178 0   139 178 1   148 177 1   157 177 2   163 176 1   168 176 2   170 177 1   174 177 0   180 177 0   186 176 0   190 177 2   194 177 1   199 176 2   203 176 1   208 177 1   212 176 2   217 177 2   219 176 1   223 178 1   227 177 2   230 177 1   233 178 0   
40  168 0   53  173 0   72  174 4   86  172 1   99  171 1   112 172 0   119 173 1   124 172 0   131 173 1   139 173 1   149 172 2   156 172 3   163 170 2   168 172 0   170 172 1   174 172 0   180 172 1   185 171 0   190 172 0   194 172 1   199 171 1   203 171 2   208 171 2   212 171 1   216 172 3   220 172 2   224 172 1   227 173 2   231 173 1   233 173 1   
40  163 0   52  167 1   72  168 6   87  168 5   101 166 2   111 166 2   119 167 3   124 167 0   132 169 3   139 168 2   148 166 2   157 165 2   162 164 1   167 166 0   170 167 2   175 168 0   180 167 1   185 168 2   190 167 1   195 168 3   200 167 2   205 166 3   209 166 2   214 167 3   218 166 4   220 167 3   224 167 2   229 168 2   231 168 1   232 167 1   
40  157 0   52  162 3   72  163 6   87  163 5   101 161 3   111 161 2   120 161 3   124 162 1   132 162 2   138 162 2   149 161 3   156 160 3   162 159 2   166 160 0   171 161 1   174 162 0   180 162 0   184 162 1   190 162 1   194 162 2   200 160 2   205 161 2   210 160 3   214 160 2   217 161 2   221 161 2   224 162 1   227 161 2   230 162 1   232 162 2   
38  152 0   51  156 1   71  157 4   86  156 5   100 155 2   110 155 2   119 156 1   122 156 0   131 156 2   136 155 1   147 153 1   154 153 0   160 153 0   165 154 0   170 155 0   172 156 0   179 156 0   182 156 0   189 156 1   192 155 2   199 154 1   203 154 0   209 154 2   213 154 2   215 154 1   219 154 0   222 156 0   226 155 1   229 156 1   231 157 0   
39  145 0   51  149 0   69  151 4   85  150 4   100 148 2   110 148 1   117 150 1   124 150 0   130 150 1   137 150 0   146 148 2   154 148 0   161 147 0   165 148 0   169 149 0   173 149 0   177 150 0   183 149 0   187 150 0   193 149 1   198 148 1   204 148 1   208 148 0   212 147 1   216 148 1   219 149 1   223 149 0   225 149 1   229 149 0   231 150 0   
40  139 0   52  143 3   71  145 6   86  145 5   101 142 2   111 142 2   119 144 1   124 143 0   131 144 2   139 144 0   148 142 2   154 141 0   162 141 0   168 141 0   170 143 0   174 143 0   179 144 0   184 143 1   189 144 1   194 143 2   199 142 1   204 141 0   209 142 1   213 142 2   218 143 2   219 142 0   224 143 0   226 143 1   230 143 1   233 144 2   
39  131 0   52  135 1   72  138 6   86  136 5   101 134 3   112 135 1   119 137 1   124 136 0   131 137 1   138 136 1   147 135 1   156 133 1   163 133 1   168 134 1   172 135 2   174 136 1   180 136 1   184 136 0   190 136 2   194 136 2   199 135 3   204 134 2   211 134 2   213 135 1   217 134 2   219 135 1   224 136 2   228 136 1   232 135 2   234 136 1   
38  123 0   51  127 1   70  128 5   86  128 4   99  125 0   111 126 1   118 127 0   124 127 0   132 129 0   138 127 0   147 126 0   155 126 0   163 125 0   167 126 0   171 128 0   175 127 0   181 128 0   185 128 0   188 127 0   195 127 0   200 126 1   204 126 0   210 126 2   214 126 2   218 126 1   220 126 0   224 126 0   227 128 0   231 128 0   232 127 0   
40  115 0   51  119 0   72  121 6   87  120 5   100 117 2   111 119 0   120 119 1   124 119 0   133 121 1   139 120 0   149 118 1   157 118 1   164 117 1   169 118 1   172 120 2   175 120 1   182 120 1   186 120 0   191 120 2   195 120 1   202 118 2   205 118 2   212 118 4   215 118 3   218 119 2   222 119 1   225 120 2   229 120 1   233 120 2   235 120 1   
41  104 0   53  109 0   73  110 5   88  109 4   100 107 1   111 109 0   120 109 1   124 111 0   133 111 0   139 111 1   150 109 1   157 109 1   164 107 0   169 108 1   172 110 1   174 110 0   181 109 0   185 109 0   190 109 1   194 109 0   200 107 1   204 107 0   210 108 0   214 108 0   218 110 2   221 109 1   225 110 1   228 110 0   232 110 1   234 109 0   
44  96  0   56  100 3   75  102 7   89  100 4   103 98  4   114 100 3   121 101 2   126 101 0   135 103 4   141 102 1   151 101 4   159 101 2   167 98  3   172 100 2   173 101 3   177 102 1   184 102 3   188 102 3   194 102 3   198 101 4   203 101 3   208 100 2   213 100 4   217 100 4   220 100 3   223 101 2   227 100 3   230 102 3   235 101 2   235 101 2   
41  81  0   53  85  0   72  87  4   87  86  3   100 83  1   111 85  0   118 86  0   124 87  0   132 88  1   138 87  0   148 86  1   156 86  0   164 83  1   169 85  0   171 87  1   175 87  0   181 87  0   185 87  0   191 87  0   195 86  1   200 86  0   206 86  0   210 85  1   214 85  1   217 85  0   220 86  0   224 85  0   227 87  0   232 86  0   232 86  0   
43  71  0   55  75  3   74  77  6   89  76  6   103 74  4   113 75  2   120 76  1   126 77  1   134 78  3   141 77  3   150 76  3   159 75  3   167 74  4   171 75  1   173 77  3   178 78  2   183 77  3   187 77  2   193 77  2   197 76  3   202 75  4   207 75  3   212 75  3   216 75  3   220 76  3   222 76  3   227 76  3   230 76  2   234 76  3   235 77  3   
38  54  0   50  58  0   69  60  1   84  59  2   97  57  0   108 58  0   117 58  0   123 59  0   129 61  0   135 59  0   147 58  0   154 58  0   162 57  0   166 58  0   168 60  0   172 60  0   178 60  0   182 60  0   187 59  0   192 60  0   198 58  0   202 58  0   207 59  0   211 58  0   214 58  0   218 58  0   222 58  0   225 59  0   229 59  0   230 60  0   
26  37  0   37  40  0   57  41  0   72  40  0   85  39  0   96  39  0   104 41  0   110 41  0   117 42  0   124 42  0   134 40  0   143 39  0   149 39  0   154 41  0   157 42  0   159 43  0   167 42  0   172 43  0   176 43  0   182 42  0   187 42  0   192 41  0   196 40  0   201 42  0   203 39  0   206 39  0   210 41  0   214 40  0   216 41  0   218 41  0   
